              precision    recall  f1-score   support

           0       0.94      0.93      0.93      2822
           1       0.96      0.98      0.97      4135
           2       0.96      0.98      0.97      2684
           3       0.96      0.99      0.98      8425
           4       0.92      0.89      0.90      3456
           5       0.93      0.83      0.88      2478

    accuracy                           0.95     24000
   macro avg       0.94      0.93      0.94     24000
weighted avg       0.95      0.95      0.95     24000
